# 环境
6000	50 100	25 50	0.02 0.01	0xFFFFFF50

# 轴
1000	0.5 0.5	10 3	0.02 0.01	0xFFFFFF50
2000	0.5 0.5	24 7	0.02 0.01	0xFFFFFF50
1000	0.5 0.5	35 4	0.02 0.01	0xFFFFFF50

# 1
2200	12 1	05 0.333	0.03 0.01	0xFFFFFF50
1800	10 1	06 0.333	0.03 0.01	0xFFFFFF50
1400	08 1	07 0.333	0.03 0.01	0xFFFFFF50
1000	06 1	08 0.333	0.03 0.01	0xFFFFFF50
0600	04 1	09 0.333	0.03 0.01	0xFFFFFF50

# 2
2200	11 1	10 0.333	0.03 0.01	0xFFFFFF50
1800	09 1	11 0.333	0.03 0.01	0xFFFFFF50
1400	07 1	12 0.333	0.03 0.01	0xFFFFFF50
1000	05 1	13 0.333	0.03 0.01	0xFFFFFF50
0600	03 1	14 0.333	0.03 0.01	0xFFFFFF50

# 3
1800	10 1	15 0.333	0.03 0.01	0xFFFFFF50
1400	08 1	16 0.333	0.03 0.01	0xFFFFFF50
1000	06 1	17 0.333	0.03 0.01	0xFFFFFF50
0600	04 1	18 0.333	0.03 0.01	0xFFFFFF50

# 4
1800	09 1	19 0.333	0.03 0.01	0xFFFFFF50
1400	07 1	20 0.333	0.03 0.01	0xFFFFFF50
1000	05 1	21 0.333	0.03 0.01	0xFFFFFF50
0600	03 1	22 0.333	0.03 0.01	0xFFFFFF50

# 5
1400	08 1	23.5 0.333	0.03 0.01	0xFFFFFF50
1000	06 1	24.5 0.333	0.03 0.01	0xFFFFFF50
0600	04 1	25.5 0.333	0.03 0.01	0xFFFFFF50

# 6
1400	07 1	27 0.333	0.03 0.01	0xFFFFFF50
1000	05 1	28 0.333	0.03 0.01	0xFFFFFF50
0600	03 1	29 0.333	0.03 0.01	0xFFFFFF50

# 7
1000	06 1	31 0.333	0.03 0.01	0xFFFFFF50
0600	04 1	32 0.333	0.03 0.01	0xFFFFFF50

# 8
1000	05 1	34 0.333	0.03 0.01	0xFFFFFF50
0600	03 1	35 0.333	0.03 0.01	0xFFFFFF50

# 9
0600	04 1	37 0.333	0.03 0.01	0xFFFFFF50

# 10
0600	03 1	39 0.333	0.03 0.01	0xFFFFFF50

# 11
0600	02 1	41 0.333	0.03 0.01	0xFFFFFF50

# 顶球
5000	0 1.5	45 1	0.03 0.01	0xFFFFFF50
5000	0 1.0	45 1	0.03 0.01	0xFF777700
